Acc: (0.996000,1.0|0.998907)
Roc: (0.995986,1.0|0.998905)
Pre: (0.996578,1.0|0.998760)
Rec: (0.995165,1.0|0.999059)