Acc: (0.998750,1.000000)
Roc: (0.998751,1.000000)
Pre: (0.997504,1.000000)
Rec: (0.997532,1.000000)