Acc: (0.998750,1.0|0.999829)
Roc: (0.998751,1.0|0.999829)
Pre: (0.997504,1.0|0.999832)
Rec: (0.997532,1.0|0.999826)